eval_accuracy = 0.8268518518518518
eval_loss = 0.5923104873685925
global_step = 11832
loss = 0.06305379792858996
